00000010000100110100001100110011
00000010000110010010111010110011
11011100101101111011100100010011
01100010110000001110100100010011
00111010010101011010001100010011
01100101101000011100100011100011
11011000001111001111100001100011
00000011100111010100100000110011
00110100001000100110010111110011
00000001100111001000010100110011
00000011000010000001101100110011
00000011011001100011000110110011
00000001100110110101111010110011
11001100010100011111110010010011
01011110100101010100101100010011
00000011100110000110101100110011
11001011100110000111010001100011
00000011011001101111000010110011
01011111011010110111001100010011
00000011100100001111110010110011
00000010110110110000110010110011
00000011100101101110000110110011
00000001110110010001010010110011
00000001011110000101110010110011
00000011100100011101100000110011
00110110110100000000100001101111
00000001011001101011101000110011
00100011000110000111011110010011
00000010011011010001010100110011
11011101101000000000111100100011
00011100110111001000101100010011
10101110110000011111101100010011
10010100111100000000101000100011
00011101001000000000001000100011
01000001110110110101100100110011
10010000101100000000001100100011
01100010100100000000011011101111
00000011100110100000000010110011
00101100011000000010000000100011
00000010001101111100110010110011
11000000000100000110100101110011
00110100001001001010110011110011
10011100001110000111100100010011
00000010000110110010001100110011
00000011100110110100101100110011
00110000001010000011101111110011
00000001110110111110001100110011
00000000010110110101101100010011
00100010010010000100100100010011
00110100001010110011100001110011
00000011101011001100001100110011
00000010100111100101011110010111
01000000110110111101000110010011
00000001000001111010101000110011
10010000011000000100111010000011
01000001011010100101101000110011
00101011101101100111100100010011
11000000000111010111010111110011
00000000110000110001101000010011
00000001110101001101011010010011
01101011001110010000011010010011
00000010100111001011110010110011
00000010110010110100101110110011
00001000100110000110011001100011
01100110110011001000011011100011
00000001101010111100101000110011
00000001100100110101110010010011
01111110100000000000100101101111
00000001000000110001111010110011
00101100000000000101001100000011
00000001011000001111000011100011
10010000101000000000011000100011
00000011100110010110001100110011
01000001101101101101101100010011
00101100000000000100101110000011
00101100000000000000101000000011
00000001001000110110000010110011
00110100010001100110010011110011
00110100000010010011101111110011
00000001111101101001110100010011
00000010110101111001001100110011
00000000000110110001010110110011
00000001100111101100000110110011
11101011001000000001000100100011
00100011010011101110110100010011
01000101101000011101101001100011
11101000011000000000100100100011
00000000110101001001110010010011
11011101111000000101101100000011
01001001101001010011000010110111
10100111011011001101101001100011
11111110011001001110000010110111
00100000001100000001110100100011
10010000110000000100100100000011
00000000011001101100101100110011
11111011001000110100001001100011
00000010110110000011101100110011
00000000011011001010001100110011
00011101101000000010101100100011
11110101011000000001100100100011
00000010100110010001110010110011
11111111110110010000101011100011
00110000010111010110101001110011
11010000011011010000000111100111
00110100001001011010000111110011
00000000000110110000011010110011
00010101010000000001101101101111
00010000000100000010001100100011
00010000101011001000000010010011
11111001110110010000110001100011
00110100010001100011110101110011
00110000001000100101011011110011
11000000000111010011110101110011
00000001001001101000110010110011
00000001000010110000111010110011
00000000111111010111101100110011
01000001000000001101110100110011
11110101011111001111011010010011
00000001000001101000000010110011
11000000000010110011100101110011
00000001001000011001001100110011
01000001011011001000001100110011
00000000011000011111110010110011
10010011000010110110000110010011
01100111101000000010010100100011
00010000011000000010011010000011
00001111100001110000111010010111
01001010000100001110000001100011
11000101010010010000000010110111
00000001101110000001011010010011
01000001010010010101101110110011
01000001001000000001101100100011
01000100001001101100001100010011
00110000000010001110110101110011
00110011111110110011100000010011
00000011000000001101101000110011
00000010011011001110100100110011
00110101100001011101100000010111
00000010110010010011110010110011
01111101010110111011110100010011
01000001110110010000110010110011
00010101101010010010100000010011
00000111011000000000000000100011
00100110111100000010001000100011
00000001100110110111010100110011
11100101000000000001001100100011
00000000111110010011110100110011
00101110110100000001010100100011
01100110101000000001010110000011
00110000001111001001001101110011
00000001011011010001110010110011
10110101110110010110100011100011
00000001100101001101110100110011
00000000000000101100101110110111
00000011110111010110010100110011
10000111001011101000110101100111
00000000100100110101100000110011
01010000000100001000011011100111
00011101011000000010110010000011
00000011100100110011010010110011
11011111110001111111101100010011
00000110000000000010101100000011
10000101111100110010100000010011
01000110000111001000001011100011
00000001001011001001001100010011
10000011100100011111000001100011
00000110000000000010100000000011
00000010100101111111000010110011
00101100000000000101000010000011
11000000000100110001011001110011
00000001001001101101010010110011
00101000101010011101101100010111
00101110101000000000101100000011
00000000101010000111100100110011
01100110111101111101101100010111
11111111000010100001110010010111
00000000010010010101100000010011
00000001000000011111101110110011
00000011100100011101010100110011
00000000111101101001001100110011
00000010000100011110100000110011
01000000110000110101101100010011
10110001001000000001001000100011
00000000100110010010111010110011
00111111111100011101100000010111
00000011001011101101110010110011
00000010101011001100010010110011
00000001111101011101000110010011
01100111001000010001110010010111
01110001001011001011100000010011
10010010110010111101101001100011
00000011011111001000000111100111
00000010011000001111010100110011
11000111110111001100101001100011
01010000110000111000110010110111
00110000000100101111011111110011
00000001100010110001000110010011
00100110100100110110101110010011
11011101110101101000100101100111
01000101011110010000100101100111
10110000010000000000100000000011
00110100001001111110101111110011
00000001011111001010011010110011
11110110101000000010101100100011
00110000000001100110000111110011
01000001001010000101101110010011
00101000100101100001110001100011
11011101111000000010001100000011
01000000001010000101101000010011
11101010001000000010010010000011
00000010000101111111110010110011
00000011101011001101111010110011
01101111011101001100010001100011
11010010011010010000111011100011
00000010110110000001111010110011
10010000110000000100011010000011
11110001010001101011110101110011
00100001101000000001111010000011
00001111111111101110101100010011
00000010000101111111011110110011
10010000011000000000100000000011
01100011101010000001011011100011
10101001011000000001111000100011
01000000001101101000010100110011
00000000101100011010000010110011
00100010000100000010110100100011
00000011100111101101011000110011
00000010001101111100111010110011
11000000000001100110100101110011
00000001000000001010101100110011
00000001011001001010101100110011
01010001001000000001100000100011
00110100001011011101101101110011
11011101111100001100110010010011
01001010001100111010011010110111
01011010001101111000011011100011
01000000100101001000010100110011
01010001000000000001010110000011
11110010010000011111100000010011
00001001100001000100101100110111
00110111010110100110101000010011
00111111010111010010101100010011
00110000010111101001100001110011
00000000011101101001011000010011
00000000110110110001001100110011
11000000000010111111010111110011
00000010011000110001001100110011
01011100001100001000011110010011
00000001000010000000011000110011
01111111010110011110111010110111
00000000001101101100011010110011
11100100011000000010011000000011
01000101110000000001110011101111
00011010110100000000000111101111
10100110000111001111100100010011
01100000000011011000011010010111
01100110101000000001101100000011
00000000101001010111000110110011
00000001000010110111110010110011
11100111101000001101011011100011
01000000111011010101110010010011
00000011100110110100110010110011
00000001000110110101100100010011
11001101110101011110011011100011
10010000011000000100101100000011
10110010011000000001101100100011
00000010111110000010000010110011
00100001010010110101001001100011
00000011100110010011001100110011
00110000000111010010110011110011
11000011101011110110001100010111
01110011101011101111111001100011
00000011100110000100100100110011
10011111101111001011101100010011
10111111011101100110111011100011
00000011011111010100000010110011
00000011001001001101111010110011
00101100000000000100100000000011
00000010101100011110100000110011
00000000110110110110110100110011
01011111000000011000100011100011
00110101001101010000011011100111
01000000101110110101011010010011
11011011001010000110100011100011
00000000000110000101100000010011
00000011011000110111110010110011
00110000001110000010101101110011
01000001011000110000101100110011
00001110000101010001011001100011
10110001110110100100101000010011
11011101111000000000100000000011
00000010001111001101111010110011
00000000111110100010110010110011
00100111100100000000000000100011
10110011011000000010111010000011
10110011011000000010101000000011
00000001010011010101110010110011
11100100000101100110101001100011
01000101001010000101000011100011
01000001011011001000111010110011
00000001100110000101100100010011
11100110110010000111100000010011
10110011011000000010111010000011
00100101100110000100110010010011
01011111111101101000001100110111
00000001001110110101001100010011
00000010000101101011111010110011
11100000010000001111100000010011
00011101011000000101101100000011
00110100010001001010000011110011
00000011110101111011000010110011
00110100000011101111100001110011
11001101010011101111010011100011
00000001110000001001000010010011
00000000000101011100100000110011
00000001000011010011101100110011
00010001111110010111000010010011
00101100000000000001110010000011
00000000110100011110110010110011
00000010111111101100010110110011
00000001011010110000100100110011
01000001011001101000010010110011
00000000110001111101100000110011
01000001101011101101010110110011
10010010101011010111000011100011
00101001000001101101001001100011
00000001011110110000110100110011
00000011100100001100000110110011
00000010100110000101101100110011
00000001010010000010010110110011
00101000000100000010011000100011
00000010110101001101010010110011
11111101001110110011011010010011
11110011011000000010001100100011
00000110000000000100101100000011
11010011001110001001111010110111
00000001110101001100100100110011
00000001011000011101110010010011
01000001011011001000110010110011
10111110001011010101100100010111
01101101010110110011110010010011
01100001000010110000101100010011
00110001001010100111000010010111
00010111010000001011101000010011
00110100000011110110101001110011
10101111010000001111001100010011
10000111110101101011001100010011
01000000111000110101110010010011
01101000111100110000100000010011
00000011100101010111101100110011
00110111100100000001011001101111
11111101011000000010100000100011
00000001001010010010100100110011
01010100010011010110100100010011
00000001011110110001000110110011
01000001011011001101011110110011
00000011101011101011000010110011
00101001010110110011100000010011
00000000110100011101000110110011
10001000000101100000010011100011
00110000010111101001000111110011
00000011100101011100110100110011
00000010011010000001000010110011
10001101001000110110001100010011
11111110101001001000010100010011
00000010101110110111101100110011
11110010011000000100111010000011
00000001001010110001110100110011
00000000011110010001110100010011
00010111100100000000111000100011
10011101101001001101010011100011
11110101001000000101110100000011
00000001100111001000011000110011
11100100011000000001010100000011
00110100000100010101100101110011
11100100111110000010110010010011
00000000000100110100111010110011
00000000000110110000110100110011
10100010111010111100100000010111
00000001011010000100100000110011
00110000000001001110101111110011
00110000001100101101101001110011
00000000001111001101010110110011
00110100000101011110111011110011
00000010111000011110110100010111
00000000011011101011011010110011
00110100001001010011011011110011
01001111010111101110011010010011
00000001000110010001000110010011
01000001011111010101100100010011
00000010111111101110101100110011
00101001110110010000101001100011
11000010011000000010101100100011
00100110010000000010100100000011
00000000001111001000100000110011
00101001011001111100011011100011
10011100001110000100000010010011
00000001101000011010100000110011
00111010110100000001010101101111
00101110001110100010010110010011
00000001001001111001110010010011
10011100000110110110010010010011
00000010001100011000101000110011
10010001011000000001100000100011
00000000000110010001000010110011
10010000110000000101000010000011
00000010000110110011001100110011
00000000110111001111101100110011
10010000011111001000000111100111
11000000000000011110010111110011
00000011110111010010110010110011
01100100100100000010000000100011
01000001111101011101100000010011
10010101010000000100101100000011
01010110011010010101100011100011
11101000101100000010000100100011
01011101110100000000101111101111
10110000010000000100000010000011
00000000110100001111100000110011
11101000101101010111110010010011
00110100010000110010101101110011
11000000000101000111101101110011
11111110010110110000100101100111
01100100000100000000011100100011
01000011011001010101101011100011
00110100000101011101100001110011
10011000111010110000111011100111
00000000011011001101010110110011
11000000000100011001101101110011
10100111101011111100101100110111
10110100111101101100100011100011
00011111100111101110001011100011
00000000100101010010011010110011
01000101001001111101011001100011
11000000000010110001111011110011
11010111110101001101111011100011
00000000110110000111101100110011
01000001001010000000101100110011
00000001011000011100010110110011
00000010011011001011110100110011
01111010011000001000001011100011
01000001001011001000010010110011
00100000100110111111110010010011
00000010000111101010111010110011
00000001110111001001011110010011
00000010110000001011011000110011
00000001101010000110100000110011
10011011001000011100011001100011
10000111000111110101100000010111
00000011101001100001011010110011
00000000000111001110101100110011
00000011001010110001010100110011
00000001000001111010101100110011
10000011011100110000011001100011
01100100111000000100011110000011
00000011000010110000000010110011
10010001000000000001101000000011
00001010000100000010001000100011
00000010111111101001100100110011
00000000011010000010110010110011
00000011100101101100010100110011
00000000000111101101001100110011
00111000100110100000011001100011
00000011001001001101110100110011
01100100111000000000100000000011
00000001011101101010101100110011
01100100000000000010101110000011
00000000101100011111110010110011
10000010011001001001110001100011
00000001011010110101001100010011
00110100010001001110100001110011
00111110101001100110101001100011
00000000101100110100010010110011
00101111100110110111011001100011
10010000011000000000100000000011
10111101101000000010111000100011
11101000001000000010001100000011
00111011110100000000100101101111
01000001000010110101110010010011
00000001000001001001001100110011
11100100011000000010000010000011
00111011000101010110100000010011
11110001010011010010101101110011
01101111011110110110111010010011
10111011011101011101101001100011
00000000011001001010010010110011
00000010101111101100101100110011
11101100000100000000101000100011
11000100111011101110110010010011
10011100001111010100000011100011
01111110110000000001110101101111
00000001100110000001010010110011
11110001010000011110100001110011
00000010000110111111110100110011
01000000001110110101000110110011
00000001011000110101110100110011
00011110001100000001010000100011
00110100000100001111000011110011
00000001001010000101000010110011
10111111001000000010001000100011
00000011100110110001010100110011
00100011100100000001100100100011
01111111101101101000100101100111
10011010101010000110101001100011
00110100000110111011010011110011
00000001010100110101001100010011
00110100001011101001101111110011
10111110010000000001101110000011
01010101011000110100010011100011
11000000000101010011001101110011
11100001000100001010101110010011
00000010100111001111101100110011
00000011100111001111110010110011
00000000101110010001011110110011
11111000000010000010100000010011
01001010101000000001010100100011
00000001001001010101101100010011
00001010000000000001010011101111
11000011011000000010010110000011
11110001010010110001000011110011
00110000010001100001111011110011
01000000110111101000101100110011
00110000001100000101100101110011
00000011101001001100011010110011
00000001101011010001101000010011
01110010101101101101101001100011
00000011000000011000010100110011
11001001011001010001010011100011
11011101111000000000100000000011
00000001100110000010100000110011
10011100001000001000000010010011
01011011111010100010010100010011
01110100100100000010011100100011
00100110011010110110100001100011
01100100000000000100010100000011
01000000000111001000001100110011
11110001010010110111100101110011
00000011000010111000001100110011
00011100010000000100011000000011
01101100000111010111100001100011
00000011101000011100111010110011
01010001100101100110111011100011
00110000000111010110111011110011
01001101000000000010010100100011
00011001000010111100010011100011
11110011011000000000100100100011
00000000110110000111011110110011
10011010101000000001000000100011
00010001110101001000000001100011
00000011000001101000001100110011
00110000000111101001110011110011
10101001110010000100110010010011
11000000000111111101010101110011
00000011000011001110110100110011
01000001101001011000110100110011
00100111001000000000011000100011
00000010001101111110101100110011
01001010010000000000110011101111
00000001011001001111110100110011
00000011011110111110110100110011
01000000110111001101010010010011
00101001000000000001010100100011
00000001101010010100100000110011
10101001110000000001100000000011
00000001011111010101100100010011
00000001001001100101110010110011
10010010010011101011011000010011
01000000111111001000101000110011
00001010010000000100010100000011
01100110101000000101010110000011
00000001100100110000010010110011
00000000100100110100000010110011
01000001000010010000110100110011
00000000101111101000000010110011
00011000001110111100110011100011
00000011011100110000011010110011
01000001000111010101010100010011
01100001101010110011111010010011
00000000001101101011101100110011
00000010100110110111010100110011
00000000101100001100110010110011
00000011011010111110000010110011
00000001100110110001010110110011
01111000100110000001110001100011
10011000001101010110010011100011
00000001110100110111100000110011
00000000000101101010011010110011
10110111101001001000101001100111
00000011011100110011111010110011
01101100011011001110111001100011
10011111101000000000111100100011
00000001011000110101100100110011
10001111100100000001111000100011
00001000110100011111101100010011
00110000000011100101101101110011
01101011101111101010100100010011
00000010001111010100011010110011
00000100000100001000100001100111
00010111110000000010010010000011
00110100000010010110001101110011
00111011000100000001110101101111
01000000000111001101110010110011
00110100000110110011101001110011
10101110101000001000101100010111
00000001011010000001101000110011
10011101011000000010011100100011
11000001110101010110110011100011
00000001010011010011000110110011
11110001011001101110011000010011
01001001011110000111110010010011
00000001110010111101010100010011
00000001001011101011101110110011
00000001100100011011101100110011
00101000110000000000101110000011
11101001001000000010110100000011
01001010101000000010101100000011
00000001010011001110101110110011
00000001001001011100100100110011
00000001001010010001011010110011
00011001010100001111000110010011
00000011001000001100110010110011
00101110101000000101110010000011
00000000001110110100101100110011
01010001110110010010000110010011
00000011100110100110101100110011
11011000110000000000100000100011
11010001011111000111100000110111
00000000001110111101110100110011
01001010000111011011010010010111
00100001101000000010011000000011
00000001001000110010010010110011
01100110101000000001100000000011
11000000000001111110100101110011
00000010100110110110000110110011
00000010100111101001110010110011
10111001000010100110001011100011
00000000010000011111011010010011
10110110101111001111001001100011
00110000000001001010011011110011
10101001101101001111100100010011
00011110001100000000000100100011
00000011110110110111101110110011
00000011000011101011110100110011
11000110101000000010000100100011
00000011110110110001101100110011
00110000001100011011001101110011
00000011110100001011100100110011
01000001100110000101001100110011
00000011110111001110011010110011
11111110001000110011010010010011
11101000001000000001000010000011
11010111000110110010101100010011
11011110011010110100011011100011
00110100000010111001010111110011
00110000000011110101000111110011
10010010110110110110011001100011
00000010110100110001010100110011
00110011011001001110010010010011
00000011101010111010101100110011
00010000011000000001011010000011
00000011011100001001011000110011
01000001100110000000110010110011
00000001001000011001110010110011
01000001000011101101000110010011
00000010110100110000110010110011
00000011011010010110101100110011
00000011010000011101100100110011
00000001000011001111110010110011
00000011011000110111101100110011
00010111111100001000010010010011
11000000000010110010101101110011
00100101000000000000101101101111
00000010011011001001101100110011
00000000110010010111101100110011
01000000000101010000110100110011
11110111011000000001111010000011
00011100010000000101110010000011
00110100001001011101100101110011
00001101011011001111101100010011
00000000011011001000001100110011
01000001011010111101110010110011
00000000100000011001110010010011
11000000110100001110001011100011
00000001101000001100100100110011
01001000111011101000011000010011
00000000100111001001111010110011
00110000010010011111000011110011
11101011101110010111100000010011
00101010101011101001010001100011
11101010001000000001011110000011
10100001100100000001110000100011
00000001001000001110111010110011
00110000000100011110011111110011
01000001011100001000100000110011
00000110001101001000010101100111
00111111001010110111000010010011
01111001011000000010111100100011
01010100111100000001001100100011
10110110101111101001010001100011
00011010000111001101010011100011
00100000010101111010110100010011
01101001000110110110101110010011
00000011011000011110100000110011
00110100000101111101010011110011
01111110100011101010000110010011
11110001010010101110011011110011
00110110001010100111101100010111
00000001000000001001011000110011
11110001010011110101000111110011
01011101111101101000111010010011
00110100000111001001100001110011
11000110010010110100010010010011
00000011011011001111100000110011
00110100000011101001111011110011
00111001110010110000011010010011
00110000010110100110011011110011
00000010101001001001100000110011
01010101101100011110111010010011
00010011011010111100011011100011
00000001101010110001110100010011
11010001000000000001110000100011
00110000001101101111110101110011
00000011010010110100101100110011
01100100111000000010111010000011
01000101100100011010100100010011
00100111001101010110100000010011
00000001011010110101101110010011
10000000101101001110101011100011
00000010000110110010100100110011
10010011001010100011100100010011
00001001000011010000000001100011
01101001000001111000000001100011
00110000010110101111100101110011
00010101101000110000100011100011
00000000000101101001010110110011
11011101111000000001101100000011
00000010100101100111011110110011
00000001011110110001011010010011
01000101011100110001010001100011
10011010010000110000001101100111
00000010110111010001110100110011
00000010001110000011101100110011
00100001100100000000110011101111
00110000000100000101101101110011
01000000101101101101100100010011
00100111011000000000000000100011
01111111100000000001010101101111
01000001110110010101000010110011
00000011100101101000010010110011
10100011000110000110011010010011
01111111100000000001110011101111
01000000110110000101101100110011
00000001001010110001001100110011
10100000001110010001010001100011
10100101011001001110100001100011
01100100111000000010000010000011
01011110011001010101010011100011
11100101000001100110101001100011
10010101001010010011000110010011
00000000101010000001101100110011
01011100100010110010000110010011
11010111110110000100011010010011
10010001111001111100100000010011
00110000010101010010100001110011
00000000100010110001011010010011
01010000101011001111110100010011
11000001011011010111111001100011
00000011011111001111010110110011
00000011100110110011011000110011
00000000101000000110010100110111
00000000100101010111010100110011
01000001100101101101000010010011
11110001010011011111101101110011
11000100000010100000011111100111
11110001010000110101010101110011
11000000000100001110100101110011
00000000111110110001100100110011
00011010110001011100100000010111
10100111010101011010110010010011
10111101110101011110111011100011
00000000101010111001110100110011
00000000110110000101000010110011
00000001011101111101011110010011
11110111011000000010010010000011
00000001011010000111110010110011
00110100010000110111010101110011
10110101101001011110110001100011
11000100101010010000011000010011
00000001101010100101011010110011
00000000110101111100101100110011
11101000001000000010111010000011
11010011010111101010001100010011
00110000000010001101101101110011
11101000101001111100101011100011
00110101100100000001001100100011
00110000001111110110000011110011
00110100000101101011110011110011
00000001011110110001100000010011
10101011101110110100001100010011
01000000101111001101011110010011
00000001010000110001001100110011
01001011100111001010101100010011
00000001110110110010101110110011
10111111100101001110100011100011
00000000100101001001100000110011
01101100100100000010001000100011
01000001101010110101000010110011
00000001011010111000101100110011
01000101010000000001110011101111
00101111100101111111101001100011
00000000010010110001010100010011
10101110100001011100000110010011
11111101000000000010100100000011
11011010001010010000110101100111
01110100111000000000110100000011
00101100000000000000110100000011
01110100111000000001010110000011
10010001000000000001010010000011
01010010101110010111101001100011
10111111010101111001111010110111
00000011101011001001111010110011
00000001011111001101011000110011
01000001111101010101110100010011
00110000000010110101100001110011
00000010100110010111010110110011
00000000011000110000000110110011
00000000010110000001010010010011
00001011001000110010100100010011
01000000001101010000101110110011
01000000001100001101100000110011
01000001110110110101010100110011
11011101111000000010000110000011
00000000110100011010110100110011
00110000001010101101110011110011
00000010001101011111011110110011
00000000101001011010000110110011
00000010000100011111011000110011
00000000101000001110010110110011
00000001011001101101100000110011
11000000000010011101011001110011
00000010011010110001101110110011
00000011011111001111110100110011
10000101100111010110101001100011
00000000101011001111001100110011
00000011100110111110001100110011
00110100010001001011010011110011
00110100001010111010100001110011
01001111010100000000100101101111
11000001110011101100011010010011
01100110101000000001101100000011
00010001010000111100011010110111
11101111011011010001001011100011
01100101100100000000010100100011
01000010011000000010101000100011
00000000100101100010001100110011
10111110101101101010101100010011
00000010001110110100100100110011
10001011000001010001100001100011
00110000001000110001101101110011
00000001110010000001010110010011
01010001000000000001001100000011
00000001110110000001000010110011
00000001101010000110101100110011
00000010110110110001010100110011
00000001110101101100000110110011
00110000000010100001100001110011
00101100000000000000101000000011
00110000010010000011011111110011
00000010111101111101101100110011
00000011011010111110000110110011
01000000101110000000110010110011
00000010100111001101010110110011
00011101110100000000010000100011
01111010011000110111000011100011
00000001110101100111110100110011
00000000001110110111111010110011
10101011111101001111010010010011
01110010011100001000011010010011
01000000001111010000110010110011
00000010001111001011110010110011
00000010100100110001110010110011
01000001110001001101010110010011
00000010000101001100101100110011
00000011001010010100100000110011
11000000000000100111011011110011
01000001000000011101011010110011
00000011100100001111101100110011
00000011001001100101101100110011
00011001101000001111100100010011
10011100111000000001111010000011
00000001010010111101001100010011
00111001011000000001101000100011
01110111100111001110011011100011
10100101000000000010000000100011
11000000000110011101110011110011
00101110101000000100011110000011
00110000010010100111111011110011
00000000110100011111011000110011
00000011110110010000010010110011
00010110101111101110100000010011
00000000101111101010001100110011
00000011011111010101100100110011
10011100100100000001011000100011
00110100001000110011101101110011
00000011011001001001101000110011
00000001011001001010001100110011
00110100001001010010110101110011
00110000000010111110010011110011
10000110111100001111101100010011
11011111000100110010101100010011
00110000001111111111010011110011
00000000000111010010011000110011
01100100101000000000001100000011
10010011011000000001000100100011
00100001110000000000010011101111
01001101100110000100010011100011
01010000100001101011110010010011
00010111110000000101101100000011
00000001111011010101011000010011
00001010010000000101000110000011
00110100001010110011000011110011
00000000011010010110000110110011
01001000100100011111100011100011
01000001001110010101110100010011
00000000001111010000010010110011
00110100000010100011011011110011
10000011010010000110000001100011
00110100101001111011000110010011
00000100101110110000101100010011
00000000110111010001010100110011
00000001101001101000001100110011
11000100100001111010101110010011
00101100000000000010100000000011
00000001110110000001010100110011
01001100101000000101100100000011
01000001011100011000100100110011
00010111110101001010110010010011
11000000000010000001101101110011
00000011101001111111100000110011
10010010001001001000011110010011
00110000001000011001100101110011
01101010011011001011111010010011
00000011100100001101000110110011
00000011011011010111000110110011
01100100111000000100000110000011
00110100000010100110001101110011
01010001101000001100110001100011
00000000101110100000111010110011
00000001010000110101000010010011
00101101101101001010011000010011
10111101001000011000000011100111
00110010101000110110010011100011
11000110001011001111110010010011
11110011110100001000110100010011
01101001011100011110100011100011
00011110001000000001100000000011
00000010011001101100100000110011
11100001111011101011000010010011
00000000101001001001100000010011
01000100011101011110111010010011
11010001000001001000001001100011
00100110000000000101000010000011
00000001101011010001101000010011
00000000000111001001110010110011
01110010011100011111101100010011
10101101001010110100010011100011
00110000000101111010111011110011
11011001000000000100000010000011
00000001011011001000101000110011
01000000101010110000010010110011
00000000000100011001000110010011
00100100111100011110100001100011
10110101101001111011001100010011
01010011100010110010100000010011
00000010100101001011110100110011
10100011101011101110110010010011
11110001010010001111011011110011
00110000001010001110100001110011
00000110000000000100100100000011
11000000000100110001011001110011
00000001110110100111110010110011
01110100010100101101101110010111
00000000110111101101110100010011
00000001101010000101100100110011
00110100010010000011010011110011
01000001111110110101110100010011
00101001101000000001110100100011
11000000000100010101111011110011
00000001100101100001100000110011
01000001001010000000110100110011
00000000011000011111101100110011
00110000001111000111101101110011
00000000100110110001011000010011
11000000110110110110111001100011
00000011110110010111100000110011
00110000010011111110110101110011
11000000000011001011110011110011
00000001011010110000001100110011
01000000110000011101010100110011
10010111101011101010101110010011
00011011111000110010000010010011
00000101001000001011110100010011
01100000100010110011011010010011
00010000110000000000000011101111
00000000110101101111100000110011
10000111001011001001001001100011
00001111001010110010101100010011
11011101111000000100111010000011
00000010101000110000000010110011
10101111010100001011101100010011
00110100000010000001000011110011
01000001111010010101101100010011
00000011101011101110101100110011
10000001001001111100110001100011
10111010110111001101010011100011
10110011011000000100110100000011
10000000110100001001111011100011
00000000100101011111001100110011
00000011100111101101111010110011
00011110100000000010110010000011
00000011011000011100101100110011
01000101110110111101101110110111
10011011011000000000011000100011
00000000111001011001100000010011
